%YAML:1.0
R: !!opencv-matrix
   rows: 3
   cols: 1
   dt: d
   data: [ -7.2600000000000000e-03, -1.2340000000000000e-02,
       5.2900000000000004e-03 ]
T: !!opencv-matrix
   rows: 3
   cols: 1
   dt: d
   data: [ -1.0023290400000000e+03, -4.6048499999999999e+00,
       1.0432000000000000e-01 ]
