%YAML:1.0
M1: !!opencv-matrix
   rows: 3
   cols: 3
   dt: d
   data: [ 3.8946706000000000e+02, 0., 3.2848230000000001e+02, 0.,
       3.9091336000000001e+02, 2.4784707000000000e+02, 0., 0., 1. ]
D1: !!opencv-matrix
   rows: 1
   cols: 4
   dt: d
   data: [ -3.3590000000000002e-02, 5.8920000000000000e-02,
       2.4299999999999999e-03, -2.5000000000000001e-04 ]
M2: !!opencv-matrix
   rows: 3
   cols: 3
   dt: d
   data: [ 3.9004955000000001e+02, 0., 3.3935928999999999e+02, 0.,
       3.9158292999999998e+02, 2.3772934000000001e+02, 0., 0., 1. ]
D2: !!opencv-matrix
   rows: 1
   cols: 4
   dt: d
   data: [ -2.4090000000000000e-02, 4.2250000000000003e-02,
       9.6000000000000002e-04, -3.6999999999999999e-04 ]
